2025-06-30,Transfer from GR200338671802966318 - Monthly Rate,0.09,55.62
2025-05-31,Transfer from GR200338671802966318 - Monthly Rate,0.03,55.53
2025-06-30,Transfer from GR200866237413052638 - Monthly Rate,0.09,55.50
2025-05-31,Transfer from GR200866237413052638 - Monthly Rate,0.03,55.41
2025-06-30,Transfer from GR200783060066494593 - Monthly Rate,0.09,55.38
2025-05-31,Transfer from GR200783060066494593 - Monthly Rate,0.03,55.29
2025-06-30,Transfer from GR200096839166887843 - Monthly Rate,0.09,55.26
2025-05-31,Transfer from GR200096839166887843 - Monthly Rate,0.03,55.17
2025-06-30,Transfer from GR200531794437971832 - Monthly Rate,0.09,55.14
2025-05-31,Transfer from GR200531794437971832 - Monthly Rate,0.03,55.05
2025-09-30,Transfer from GR200219232037090916 - Monthly Rate,0.09,55.02
2025-08-31,Transfer from GR200219232037090916 - Monthly Rate,0.09,54.93
2025-07-31,Transfer from GR200219232037090916 - Monthly Rate,0.09,54.83
2025-06-30,Transfer from GR200219232037090916 - Monthly Rate,0.09,54.74
2025-05-31,Transfer from GR200219232037090916 - Monthly Rate,0.03,54.65
2025-08-31,Transfer from GR200057370397633730 - Monthly Rate,0.09,54.62
2025-07-31,Transfer from GR200057370397633730 - Monthly Rate,0.09,54.53
2025-06-30,Transfer from GR200057370397633730 - Monthly Rate,0.09,54.44
2025-05-31,Transfer from GR200057370397633730 - Monthly Rate,0.03,54.35
2025-08-28,Transfer from GR100202503111546003 - GIATRAKOS French,110.00,1743.20
2025-07-28,Transfer from GR100202503111546003 - GIATRAKOS French,110.00,1633.20
2025-06-28,Transfer from GR100202503111546003 - GIATRAKOS French,110.00,1523.20
2025-05-28,Transfer from GR100202503111546003 - GIATRAKOS French,110.00,1413.20
2025-11-28,Transfer from GR100202503111546003 - GIATRAKOS French,110.00,1303.20
2025-10-28,Transfer from GR100202503111546003 - GIATRAKOS French,110.00,1193.20
2025-09-28,Transfer from GR100202503111546003 - GIATRAKOS French,110.00,1083.20
2025-08-28,Transfer from GR100202503111546003 - GIATRAKOS French,110.00,973.20
2025-07-28,Transfer from GR100202503111546003 - GIATRAKOS French,110.00,863.20
2025-06-28,Transfer from GR100202503111546003 - GIATRAKOS French,110.00,753.20
2025-05-28,Transfer from GR100202503111546003 - GIATRAKOS French,110.00,643.20
2025-08-28,Transfer from GR100202503111546003 - GIATRAKOS French,110.00,533.20
2025-07-28,Transfer from GR100202503111546003 - GIATRAKOS French,110.00,423.20
2025-07-20,Bill Payment,-37.80,17.60
2025-06-28,Transfer from GR100202503111546003 - GIATRAKOS French,110.00,313.20
2025-05-28,Transfer from GR100202503111546003 - GIATRAKOS French,110.00,203.20
2025-05-23,Bill Payment,-37.80,55.40
2025-05-23,Bill Payment,-35.00,93.20
2025-05-28,Transfer from GR100202503111546003 - GIATRAKOS French,110.00,128.20
